255
511
255
511
255
511
255
511
255
511
255
511
255
511
255
511
255
511
255
511
255
511
255
511
1023
511
1023
2047
1023
2047
4095
2047
4095
8191
16383
32767
65535
65535
65535
65535
65535
65535
65535
65535
65535
65535
65535
65535
65535
65535
65535
65535
65535
65535
65535
65535
65535
65535
65535
65535
65535
32767
16383
8191
4095
2047
4095
8191
16383
32767
16383
8191
4095
2047
4095
2047
4095
8191
4095
8191
16383
8191
16383
32767
16383
32767
65535
32767
16383
32767
65535
32767
16383
8191
16383
8191
4095
2047
1023
511
255
127
63
31
15
7
15
7
15
7
15
7
15
7
15
7
15
7
15
7
15
